              precision    recall  f1-score   support

           0       1.00      1.00      1.00         1
           1       1.00      1.00      1.00        16
           2       1.00      1.00      1.00        32
           3       1.00      1.00      1.00        13
           4       1.00      1.00      1.00        14
           5       1.00      1.00      1.00         2
           6       1.00      1.00      1.00        15

    accuracy                           1.00        93
   macro avg       1.00      1.00      1.00        93
weighted avg       1.00      1.00      1.00        93
